0,2
0,57
0,55
0,313
0,282
0,49
0,316
0,48
0,314
25,4
0,279
0,307
0,202
0,319
0,201
26,5
0,304
0,301
0,318
0,196
0,317
0,243
0,195
26,4
0,298
0,295
0,294
26,3
26,2
0,293
26,1
26,0
0,292
0,291
25,3
25,2
0,290
25,1
25,0
0,289
0,288
24,3
24,2
0,287
24,1
24,0
0,286
14,3
0,285
13,3
0,272
0,271
23,3
23,2
0,12
0,11
0,275
0,276
0,10
0,9
0,284
0,8
23,1
23,0
0,7
0,51
10,306
0,541
10,305
0,540
10,304
10,303
0,539
10,302
0,538
10,301
10,300
0,537
10,299
0,536
10,298
0,535
8,17
11,27
10,297
8,16
10,296
0,534
10,295
0,533
10,294
10,293
0,532
10,292
0,531
10,291
0,530
10,290
10,289
0,529
10,288
0,528
10,287
10,286
0,527
10,285
11,26
0,526
10,284
10,283
0,525
10,282
0,524
10,281
10,280
0,523
10,279
0,522
10,278
10,277
0,521
10,276
0,520
10,275
9,7
10,274
0,519
10,273
0,518
10,272
0,517
10,271
10,270
11,25
0,516
10,269
0,515
10,268
10,267
0,514
10,266
0,513
10,265
10,264
0,512
10,263
8,15
0,511
10,262
10,261
0,510
10,260
0,509
10,259
10,258
0,508
10,257
0,507
10,256
11,24
0,506
10,255
10,254
0,505
10,253
0,504
10,252
10,251
0,503
10,250
11,23
0,502
10,249
0,501
10,248
10,247
0,500
10,246
0,499
10,245
10,244
0,498
10,243
0,497
10,242
10,241
0,496
10,240
0,495
10,239
8,14
0,494
10,238
10,237
11,22
0,493
10,236
0,492
10,235
10,234
0,491
10,233
0,490
10,232
8,13
10,231
0,489
10,230
